[0][0.0,eef4673a4550cd52e15ebe465a967f1c,None,None,0,11.00,11.00]
[1][1.0,7c2e38e1a06b169fd3bcbaea39a50223,0,(0, 6, 1),1,10.00,11.00]
[15][2.0,681b7c6d88740831929fa1b753d8a6f5,1,(2, 6, 2),2,9.00,11.00]
[77][3.0,105acc613ba75cfe4da963c914a23964,15,(0, 2, 2),3,8.00,11.00]
[126][4.0,49b311f81baee41e55acd5876b68486c,77,(1, 0, 3),4,7.00,11.00]
[174][5.0,493cce9b32dc92b1099a74ecf897d6a0,126,(1, 6, 1),5,6.00,11.00]
[231][6.0,b73bdcf022e7f08397a754eb4d8ccfa4,174,(3, 1, 1),6,5.00,11.00]
[313][7.0,890774a96590c982ad2da4239b40e6c1,231,(4, 1, 2),7,4.00,11.00]
[483][8.0,3886de69745d977bf77440e7f0bd55b3,313,(4, 3, 1),8,3.00,11.00]
[676][9.0,b65c11e84453b2a02f88bcb6768168e2,483,(5, 4, 2),9,2.00,11.00]
[800][10.0,d48c2d245d9e0f950a5bc6b9c26cdb94,676,(5, 1, 1),10,1.00,11.00]
[919][11.0,d4b9d0141e91554b08402ddad2adc8e2,800,(4, 5, 3),11,0.00,11.00]
